4
+
0   1   2   3
1   0   3   2
2   3   0   1
3   2   1   0
*
0   0   0   0
0   1   2   3
0   2   3   1
0   3   1   2
-
0   1   2   31   0   3   22   3   0   13   2   1   0

8
+
0   1   2   3   4   5   6   7
1   0   3   2   5   4   7   6
2   3   0   1   6   7   4   5
3   2   1   0   7   6   5   4
4   5   6   7   0   1   2   3
5   4   7   6   1   0   3   2
6   7   4   5   2   3   0   1
7   6   5   4   3   2   1   0
*
0   0   0   0   0   0   0   0
0   1   2   3   4   5   6   7
0   2   4   6   5   7   1   3
0   3   6   5   1   2   7   4
0   4   5   1   7   3   2   6
0   5   7   2   3   6   4   1
0   6   1   7   2   4   3   5
0   7   3   4   6   1   5   2
-
0   1   2   3   4   5   6   7   
1   0   3   2   5   4   7   6   
2   3   0   1   6   7   4   5   
3   2   1   0   7   6   5   4   
4   5   6   7   0   1   2   3   
5   4   7   6   1   0   3   2   
6   7   4   5   2   3   0   1   
7   6   5   4   3   2   1   0

9
+
0   1   2   3   4   5   6   7   8
1   2   0   4   5   3   7   8   6
2   0   1   5   3   4   8   6   7
3   4   5   6   7   8   0   1   2
4   5   3   7   8   6   1   2   0
5   3   4   8   6   7   2   0   1
6   7   8   0   1   2   3   4   5
7   8   6   1   2   0   4   5   3
8   6   7   2   0   1   5   3   4
*
0   0   0   0   0   0   0   0   0
0   1   2   3   4   5   6   7   8
0   2   1   6   8   7   3   5   4
0   3   6   7   1   4   5   8   2
0   4   8   1   5   6   2   3   7
0   5   7   4   6   2   8   1   3
0   6   3   5   2   8   7   4   1
0   7   5   8   3   1   4   2   6
0   8   4   2   7   3   1   6   5
-
0   2   1   6   8   7   3   5   4   
1   0   2   7   6   8   4   3   5   
2   1   0   8   7   6   5   4   3   
3   5   4   0   2   1   6   8   7   
4   3   5   1   0   2   7   6   8   
5   4   3   2   1   0   8   7   6   
6   8   7   3   5   4   0   2   1   
7   6   8   4   3   5   1   0   2   
8   7   6   5   4   3   2   1   0

16
+
0   1   2   3   4   5   6   7   8   9   10   11   12   13   14   15
1   0   3   2   5   4   7   6   9   8   11   10   13   12   15   14
2   3   0   1   6   7   4   5   10   11   8   9   14   15   12   13
3   2   1   0   7   6   5   4   11   10   9   8   15   14   13   12
4   5   6   7   0   1   2   3   12   13   14   15   8   9   10   11
5   4   7   6   1   0   3   2   13   12   15   14   9   8   11   10
6   7   4   5   2   3   0   1   14   15   12   13   10   11   8   9
7   6   5   4   3   2   1   0   15   14   13   12   11   10   9   8
8   9   10   11   12   13   14   15   0   1   2   3   4   5   6   7
9   8   11   10   13   12   15   14   1   0   3   2   5   4   7   6
10   11   8   9   14   15   12   13   2   3   0   1   6   7   4   5
11   10   9   8   15   14   13   12   3   2   1   0   7   6   5   4
12   13   14   15   8   9   10   11   4   5   6   7   0   1   2   3
13   12   15   14   9   8   11   10   5   4   7   6   1   0   3   2
14   15   12   13   10   11   8   9   6   7   4   5   2   3   0   1
15   14   13   12   11   10   9   8   7   6   5   4   3   2   1   0
*
0   0   0   0   0   0   0   0   0   0   0   0   0   0   0   0
0   1   2   3   4   5   6   7   8   9   10   11   12   13   14   15
0   2   4   6   8   10   12   14   9   11   13   15   1   3   5   7
0   3   6   5   12   15   10   9   1   2   7   4   13   14   11   8
0   4   8   12   9   13   1   5   11   15   3   7   2   6   10   14
0   5   10   15   13   8   7   2   3   6   9   12   14   11   4   1
0   6   12   10   1   7   13   11   2   4   14   8   3   5   15   9
0   7   14   9   5   2   11   12   10   13   4   3   15   8   1   6
0   8   9   1   11   3   2   10   15   7   6   14   4   12   13   5
0   9   11   2   15   6   4   13   7   14   12   5   8   1   3   10
0   10   13   7   3   9   14   4   6   12   11   1   5   15   8   2
0   11   15   4   7   12   8   3   14   5   1   10   9   2   6   13
0   12   1   13   2   14   3   15   4   8   5   9   6   10   7   11
0   13   3   14   6   11   5   8   12   1   15   2   10   7   9   4
0   14   5   11   10   4   15   1   13   3   8   6   7   9   2   12
0   15   7   8   14   1   9   6   5   10   2   13   11   4   12   3
-
0   1   2   3   4   5   6   7   8   9   10   11   12   13   14   15   
1   0   3   2   5   4   7   6   9   8   11   10   13   12   15   14   
2   3   0   1   6   7   4   5   10   11   8   9   14   15   12   13   
3   2   1   0   7   6   5   4   11   10   9   8   15   14   13   12   
4   5   6   7   0   1   2   3   12   13   14   15   8   9   10   11   
5   4   7   6   1   0   3   2   13   12   15   14   9   8   11   10   
6   7   4   5   2   3   0   1   14   15   12   13   10   11   8   9   
7   6   5   4   3   2   1   0   15   14   13   12   11   10   9   8   
8   9   10   11   12   13   14   15   0   1   2   3   4   5   6   7   
9   8   11   10   13   12   15   14   1   0   3   2   5   4   7   6   
10   11   8   9   14   15   12   13   2   3   0   1   6   7   4   5   
11   10   9   8   15   14   13   12   3   2   1   0   7   6   5   4   
12   13   14   15   8   9   10   11   4   5   6   7   0   1   2   3   
13   12   15   14   9   8   11   10   5   4   7   6   1   0   3   2   
14   15   12   13   10   11   8   9   6   7   4   5   2   3   0   1   
15   14   13   12   11   10   9   8   7   6   5   4   3   2   1   0

25
+
0   1   2   3   4   5   6   7   8   9   10   11   12   13   14   15   16   17   18   19   20   21   22   23   24
1   2   3   4   0   6   7   8   9   5   11   12   13   14   10   16   17   18   19   15   21   22   23   24   20
2   3   4   0   1   7   8   9   5   6   12   13   14   10   11   17   18   19   15   16   22   23   24   20   21
3   4   0   1   2   8   9   5   6   7   13   14   10   11   12   18   19   15   16   17   23   24   20   21   22
4   0   1   2   3   9   5   6   7   8   14   10   11   12   13   19   15   16   17   18   24   20   21   22   23
5   6   7   8   9   10   11   12   13   14   15   16   17   18   19   20   21   22   23   24   0   1   2   3   4
6   7   8   9   5   11   12   13   14   10   16   17   18   19   15   21   22   23   24   20   1   2   3   4   0
7   8   9   5   6   12   13   14   10   11   17   18   19   15   16   22   23   24   20   21   2   3   4   0   1
8   9   5   6   7   13   14   10   11   12   18   19   15   16   17   23   24   20   21   22   3   4   0   1   2
9   5   6   7   8   14   10   11   12   13   19   15   16   17   18   24   20   21   22   23   4   0   1   2   3
10   11   12   13   14   15   16   17   18   19   20   21   22   23   24   0   1   2   3   4   5   6   7   8   9
11   12   13   14   10   16   17   18   19   15   21   22   23   24   20   1   2   3   4   0   6   7   8   9   5
12   13   14   10   11   17   18   19   15   16   22   23   24   20   21   2   3   4   0   1   7   8   9   5   6
13   14   10   11   12   18   19   15   16   17   23   24   20   21   22   3   4   0   1   2   8   9   5   6   7
14   10   11   12   13   19   15   16   17   18   24   20   21   22   23   4   0   1   2   3   9   5   6   7   8
15   16   17   18   19   20   21   22   23   24   0   1   2   3   4   5   6   7   8   9   10   11   12   13   14
16   17   18   19   15   21   22   23   24   20   1   2   3   4   0   6   7   8   9   5   11   12   13   14   10
17   18   19   15   16   22   23   24   20   21   2   3   4   0   1   7   8   9   5   6   12   13   14   10   11
18   19   15   16   17   23   24   20   21   22   3   4   0   1   2   8   9   5   6   7   13   14   10   11   12
19   15   16   17   18   24   20   21   22   23   4   0   1   2   3   9   5   6   7   8   14   10   11   12   13
20   21   22   23   24   0   1   2   3   4   5   6   7   8   9   10   11   12   13   14   15   16   17   18   19
21   22   23   24   20   1   2   3   4   0   6   7   8   9   5   11   12   13   14   10   16   17   18   19   15
22   23   24   20   21   2   3   4   0   1   7   8   9   5   6   12   13   14   10   11   17   18   19   15   16
23   24   20   21   22   3   4   0   1   2   8   9   5   6   7   13   14   10   11   12   18   19   15   16   17
24   20   21   22   23   4   0   1   2   3   9   5   6   7   8   14   10   11   12   13   19   15   16   17   18
*
0   0   0   0   0   0   0   0   0   0   0   0   0   0   0   0   0   0   0   0   0   0   0   0   00   1   2   3   4   5   6   7   8   9   10   11   12   13   14   15   16   17   18   19   20   21   22   23   240   2   4   1   3   10   12   14   11   13   20   22   24   21   24   5   7   9   6   8   15   17   19   16   180   3   1   4   2   15   18   16   19   17   5   8   6   9   7   20   23   21   24   22   10   13   11   14   120   4   3   2   1   20   24   23   22   21   15   19   18   17   16   10   14   13   12   11   5   9   8   7   60   5   10   15   20   17   22   2   7   12   9   14   19   24   4   21   1   6   11   16   13   18   23   3   80   6   12   18   24   22   3   9   10   16   19   20   1   7   13   11   17   23   4   5   8   14   15   21   20   7   14   16   23   2   9   11   18   20   4   6   13   15   22   1   8   10   17   24   3   5   12   19   210   8   11   19   22   7   10   18   21   4   14   17   20   3   6   16   24   2   5   13   23   5   13   16   240   9   13   17   21   12   16   20   4   8   24   3   7   11   15   6   10   19   23   2   18   22   1   5   140   10   20   5   15   9   19   4   14   24   13   23   8   18   3   17   2   12   22   7   1   6   16   1   110   11   22   8   19   14   20   6   17   3   23   15   1   12   7   18   4   10   21   16   2   13   24   5   90   12   24   6   18   19   1   13   20   7   8   1   2   14   21   22   9   16   3   10   11   23   5   17   40   13   21   9   17   24   7   15   3   11   18   12   14   22   5   12   20   8   16   4   6   19   2   10   230   14   23   7   16   4   13   22   6   15   3   7   21   5   19   2   11   20   9   18   1   10   24   8   170   15   5   20   10   21   11   1   16   6   17   18   22   12   2   13   3   18   8   23   9   24   14   4   190   16   7   23   14   1   17   8   24   10   2   4   9   20   11   3   19   5   21   12   4   15   6   22   130   17   9   21   13   6   23   10   2   19   12   10   16   8   20   18   5   22   14   1   24   11   3   15   70   18   6   24   12   11   4   17   5   23   22   21   3   16   9   8   21   14   2   15   19   7   20   13   10   19   8   22   11   16   5   24   13   2   7   16   10   4   18   23   12   1   15   9   14   3   17   6   200   20   15   10   5   13   8   3   23   18   21   2   11   6   1   9   4   24   19   14   17   12   7   2   220   21   17   13   9   18   14   5   5   22   6   13   23   19   10   24   15   11   7   3   12   8   4   20   160   22   19   11   8   23   15   12   13   1   16   24   5   2   24   14   6   3   20   17   7   4   21   18   100   23   16   14   7   3   21   19   16   5   1   5   17   10   8   4   22   15   13   6   2   20   18   11   90   24   18   12   6   8   2   21   24   14   11   9   4   23   17   19   13   7   1   20   22   16   10   9   3
-
0   4   3   2   1   20   24   23   22   21   15   19   18   17   16   10   14   13   12   11   5   9   8   7   6   
1   0   4   3   2   21   20   24   23   22   16   15   19   18   17   11   10   14   13   12   6   5   9   8   7   
2   1   0   4   3   22   21   20   24   23   17   16   15   19   18   12   11   10   14   13   7   6   5   9   8   
3   2   1   0   4   23   22   21   20   24   18   17   16   15   19   13   12   11   10   14   8   7   6   5   9   
4   3   2   1   0   24   23   22   21   20   19   18   17   16   15   14   13   12   11   10   9   8   7   6   5   
5   9   8   7   6   0   4   3   2   1   20   24   23   22   21   15   19   18   17   16   10   14   13   12   11   
6   5   9   8   7   1   0   4   3   2   21   20   24   23   22   16   15   19   18   17   11   10   14   13   12   
7   6   5   9   8   2   1   0   4   3   22   21   20   24   23   17   16   15   19   18   12   11   10   14   13   
8   7   6   5   9   3   2   1   0   4   23   22   21   20   24   18   17   16   15   19   13   12   11   10   14   
9   8   7   6   5   4   3   2   1   0   24   23   22   21   20   19   18   17   16   15   14   13   12   11   10   
10   14   13   12   11   5   9   8   7   6   0   4   3   2   1   20   24   23   22   21   15   19   18   17   16   
11   10   14   13   12   6   5   9   8   7   1   0   4   3   2   21   20   24   23   22   16   15   19   18   17   
12   11   10   14   13   7   6   5   9   8   2   1   0   4   3   22   21   20   24   23   17   16   15   19   18   
13   12   11   10   14   8   7   6   5   9   3   2   1   0   4   23   22   21   20   24   18   17   16   15   19   
14   13   12   11   10   9   8   7   6   5   4   3   2   1   0   24   23   22   21   20   19   18   17   16   15   
15   19   18   17   16   10   14   13   12   11   5   9   8   7   6   0   4   3   2   1   20   24   23   22   21   
16   15   19   18   17   11   10   14   13   12   6   5   9   8   7   1   0   4   3   2   21   20   24   23   22   
17   16   15   19   18   12   11   10   14   13   7   6   5   9   8   2   1   0   4   3   22   21   20   24   23   
18   17   16   15   19   13   12   11   10   14   8   7   6   5   9   3   2   1   0   4   23   22   21   20   24   
19   18   17   16   15   14   13   12   11   10   9   8   7   6   5   4   3   2   1   0   24   23   22   21   20   
20   24   23   22   21   15   19   18   17   16   10   14   13   12   11   5   9   8   7   6   0   4   3   2   1   
21   20   24   23   22   16   15   19   18   17   11   10   14   13   12   6   5   9   8   7   1   0   4   3   2   
22   21   20   24   23   17   16   15   19   18   12   11   10   14   13   7   6   5   9   8   2   1   0   4   3   
23   22   21   20   24   18   17   16   15   19   13   12   11   10   14   8   7   6   5   9   3   2   1   0   4   
24   23   22   21   20   19   18   17   16   15   14   13   12   11   10   9   8   7   6   5   4   3   2   1   0   